0.372799992561 -0.372799992561 -9.99999980047e-08
9318.49316406 1.5068359375 4.04194189244e-07
18644.6640625 -4.6640625 -1.25108972639e-06
27970.8359375 -10.8359375 -2.90663559549e-06
37273.296875 6.703125 1.7980485515e-06
46550.640625 49.359375 1.32401756974e-05
55827.984375 92.015625 2.46823028433e-05
65105.328125 134.671875 3.61244299893e-05
74475.796875 84.203125 2.25866751609e-05
83850.796875 29.203125 7.83345627682e-06
93225.796875 -25.796875 -6.9197626073e-06
102600.796875 -80.796875 -2.16729814914e-05
111975.796875 -135.796875 -3.64262003755e-05
121350.796875 -190.796875 -5.11794192597e-05
130725.796875 -245.796875 -6.59326381438e-05
140100.796875 -300.796875 -8.06858570279e-05
149475.796875 -355.796875 -9.5439075912e-05
158850.796875 -410.796875 -0.000110192294796
168225.796875 -465.796875 -0.00012494551368
177600.796875 -520.796875 -0.000139698732564
186975.796875 -575.796875 -0.000154451951448
196350.796875 -630.796875 -0.000169205170333
205725.796875 -685.796875 -0.000183958389217
215100.796875 -740.796875 -0.000198711608101
224475.796875 -795.796875 -0.000213464826985
233850.796875 -850.796875 -0.000228218045869
243225.796875 -905.796875 -0.000242971264753
252600.796875 -960.796875 -0.000257724483637
261975.796875 -1015.796875 -0.000272477702521
271350.78125 -1070.78125 -0.00028722673015
280725.78125 -1125.78125 -0.000301979949034
290100.78125 -1180.78125 -0.000316733167918
299475.78125 -1235.78125 -0.000331486386803
308850.78125 -1290.78125 -0.000346239605687
318225.78125 -1345.78125 -0.000360992824571
327600.78125 -1400.78125 -0.000375746043455
336975.78125 -1455.78125 -0.000390499262339
346350.78125 -1510.78125 -0.000405252481223
355725.78125 -1565.78125 -0.000420005700107
365100.78125 -1620.78125 -0.000434758918991
374475.78125 -1675.78125 -0.000449512137876
383850.78125 -1730.78125 -0.00046426535676
393225.78125 -1785.78125 -0.000479018575644
402600.78125 -1840.78125 -0.000493771794528
411975.78125 -1895.78125 -0.000508525013412
421350.78125 -1950.78125 -0.000523278232296
430725.78125 -2005.78125 -0.00053803145118
440100.78125 -2060.78125 -0.000552784670064
449475.78125 -2115.78125 -0.000567537888948
458850.78125 -2170.78125 -0.000582291107833
468225.78125 -2225.78125 -0.000597044326717
477600.78125 -2280.78125 -0.000611797545601
486975.78125 -2335.78125 -0.000626550764485
496350.78125 -2390.78125 -0.000641303983369
505725.78125 -2445.78125 -0.000656057202253
515100.78125 -2500.78125 -0.000670810421137
524475.75 -2555.75 -0.000685555257511
533850.75 -2610.75 -0.000700308476395
543225.75 -2665.75 -0.000715061695279
552600.75 -2720.75 -0.000729814914163
561975.75 -2775.75 -0.000744568133047
571350.75 -2830.75 -0.000759321351931
580725.75 -2885.75 -0.000774074570815
590100.75 -2940.75 -0.0007888277897
599475.75 -2995.75 -0.000803581008584
608850.75 -3050.75 -0.000818334227468
618225.75 -3105.75 -0.000833087446352
627600.75 -3160.75 -0.000847840665236
636975.75 -3215.75 -0.00086259388412
646350.75 -3270.75 -0.000877347103004
655725.75 -3325.75 -0.000892100321888
665100.75 -3380.75 -0.000906853540773
674475.75 -3435.75 -0.000921606759657
683850.75 -3490.75 -0.000936359978541
693225.75 -3545.75 -0.000951113197425
702600.75 -3600.75 -0.000965866416309
711975.75 -3655.75 -0.000980619635193
721350.75 -3710.75 -0.000995372854077
730725.75 -3765.75 -0.00101012607296
740100.75 -3820.75 -0.00102487929185
749475.75 -3875.75 -0.00103963251073
758850.75 -3930.75 -0.00105438572961
768225.75 -3985.75 -0.0010691389485
777600.75 -4040.75 -0.00108389216738
786975.75 -4095.75 -0.00109864538627
796350.75 -4150.75 -0.00111339860515
805725.75 -4205.75 -0.00112815182403
815100.75 -4260.75 -0.00114290504292
824475.75 -4315.75 -0.0011576582618
833850.75 -4370.75 -0.00117241148069
843225.75 -4425.75 -0.00118716469957
852600.75 -4480.75 -0.00120191791845
861975.75 -4535.75 -0.00121667113734
871350.75 -4590.75 -0.00123142435622
880725.75 -4645.75 -0.00124617757511
890100.75 -4700.75 -0.00126093079399
899475.75 -4755.75 -0.00127568401288
908850.75 -4810.75 -0.00129043723176
918225.75 -4865.75 -0.00130519045064
927600.75 -4920.75 -0.00131994366953
936975.75 -4975.75 -0.00133469688841
946350.75 -5030.75 -0.0013494501073
955725.75 -5085.75 -0.00136420332618
965100.75 -5140.75 -0.00137895654506
974475.75 -5195.75 -0.00139370976395
983850.75 -5250.75 -0.00140846298283
993225.75 -5305.75 -0.00142321620172
1002600.75 -5360.75 -0.0014379694206
1011975.75 -5415.75 -0.00145272263948
1021350.75 -5470.75 -0.00146747585837
1030725.75 -5525.75 -0.00148222907725
1040100.75 -5580.75 -0.00149698229614
1049475.75 -5635.75 -0.00151173551502
1058850.75 -5690.75 -0.00152648873391
1068225.75 -5745.75 -0.00154124195279
1077600.75 -5800.75 -0.00155599517167
1086975.75 -5855.75 -0.00157074839056
1096350.75 -5910.75 -0.00158550160944
1105725.75 -5965.75 -0.00160025482833
1115100.75 -6020.75 -0.00161500804721
1124475.75 -6075.75 -0.00162976126609
1133850.75 -6130.75 -0.00164451448498
1143225.75 -6185.75 -0.00165926770386
1152600.75 -6240.75 -0.00167402092275
1161975.75 -6295.75 -0.00168877414163
1171350.75 -6350.75 -0.00170352736052
1180725.75 -6405.75 -0.0017182805794
1190100.75 -6460.75 -0.00173303379828
1199475.75 -6515.75 -0.00174778701717
1208850.75 -6570.75 -0.00176254023605
1218225.75 -6625.75 -0.00177729345494
1227600.75 -6680.75 -0.00179204667382
1236975.75 -6735.75 -0.0018067998927
1246350.75 -6790.75 -0.00182155311159
1255725.75 -6845.75 -0.00183630633047
1265100.75 -6900.75 -0.00185105954936
1274475.75 -6955.75 -0.00186581276824
1283850.75 -7010.75 -0.00188056598712
1293225.75 -7065.75 -0.00189531920601
1302600.75 -7120.75 -0.00191007242489
1311975.75 -7175.75 -0.00192482564378
1321350.75 -7230.75 -0.00193957886266
1330725.75 -7285.75 -0.00195433208155
1340100.75 -7340.75 -0.00196908530043
1349475.75 -7395.75 -0.00198383851931
1358850.75 -7450.75 -0.0019985917382
1368225.75 -7505.75 -0.00201334495708
1377600.75 -7560.75 -0.00202809817597
1386975.75 -7615.75 -0.00204285139485
1396350.75 -7670.75 -0.00205760461373
1405725.75 -7725.75 -0.00207235783262
1415100.75 -7780.75 -0.0020871110515
1424475.75 -7835.75 -0.00210186427039
1433850.75 -7890.75 -0.00211661748927
1443225.75 -7945.75 -0.00213137070815
1452600.75 -8000.75 -0.00214612392704
1461975.75 -8055.75 -0.00216087714592
1471350.75 -8110.75 -0.00217563036481
1480725.75 -8165.75 -0.00219038358369
1490100.75 -8220.75 -0.00220513680258
1499475.75 -8275.75 -0.00221989002146
1508850.75 -8330.75 -0.00223464324034
1518225.75 -8385.75 -0.00224939645923
1527600.75 -8440.75 -0.00226414967811
1536975.75 -8495.75 -0.002278902897
1546350.75 -8550.75 -0.00229365611588
1555725.75 -8605.75 -0.00230840933476
1565100.75 -8660.75 -0.00232316255365
1574475.75 -8715.75 -0.00233791577253
1583850.75 -8770.75 -0.00235266899142
1593225.75 -8825.75 -0.0023674222103
1602600.75 -8880.75 -0.00238217542918
1611975.75 -8935.75 -0.00239692864807
1621350.75 -8990.75 -0.00241168186695
1630725.75 -9045.75 -0.00242643508584
1640100.75 -9100.75 -0.00244118830472
1649475.75 -9155.75 -0.00245594152361
1658850.75 -9210.75 -0.00247069474249
1668225.75 -9265.75 -0.00248544796137
1677600.75 -9320.75 -0.00250020118026
1686975.75 -9375.75 -0.00251495439914
1696350.75 -9430.75 -0.00252970761803
1705725.75 -9485.75 -0.00254446083691
1715100.75 -9540.75 -0.00255921405579
1724475.75 -9595.75 -0.00257396727468
1733850.75 -9650.75 -0.00258872049356
1743225.75 -9705.75 -0.00260347371245
1752600.75 -9760.75 -0.00261822693133
1761975.75 -9815.75 -0.00263298015021
1771350.75 -9870.75 -0.0026477333691
1780725.75 -9925.75 -0.00266248658798
1790100.75 -9980.75 -0.00267723980687
1799475.75 -10035.75 -0.00269199302575
1808850.75 -10090.75 -0.00270674624464
1818225.75 -10145.75 -0.00272149946352
1827600.75 -10200.75 -0.0027362526824
1836975.75 -10255.75 -0.00275100590129
1846350.75 -10310.75 -0.00276575912017
1855725.75 -10365.75 -0.00278051233906
1865100.75 -10420.75 -0.00279526555794
1874475.75 -10475.75 -0.00281001877682
1883850.75 -10530.75 -0.00282477199571
1893225.75 -10585.75 -0.00283952521459
1902600.75 -10640.75 -0.00285427843348
1911975.75 -10695.75 -0.00286903165236
1921350.75 -10750.75 -0.00288378487124
1930725.75 -10805.75 -0.00289853809013
1940100.75 -10860.75 -0.00291329130901
1949475.75 -10915.75 -0.0029280445279
1958850.75 -10970.75 -0.00294279774678
1968225.75 -11025.75 -0.00295755096567
1977600.75 -11080.75 -0.00297230418455
1986975.75 -11135.75 -0.00298705740343
1996350.75 -11190.75 -0.00300181062232
2005725.75 -11245.75 -0.0030165638412
2015100.75 -11300.75 -0.00303131706009
2024475.75 -11355.75 -0.00304607027897
2033850.75 -11410.75 -0.00306082349785
2043225.75 -11465.75 -0.00307557671674
2052600.75 -11520.75 -0.00309032993562
2061975.75 -11575.75 -0.00310508315451
2071350.75 -11630.75 -0.00311983637339
2080725.75 -11685.75 -0.00313458959227
2090100.75 -11740.75 -0.00314934281116
2098701.25 -11021.25 -0.00295634388412
2104951.25 -7951.25 -0.00213284603004
2111201.25 -4881.25 -0.00130934817597
2117451.25 -1811.25 -0.000485850321888
2123701.25 1258.75 0.000337647532189
2129951.25 4328.75 0.00116114538627
2136201.25 7398.75 0.00198464324034
2142451.25 10468.75 0.00280814109442
2148701.25 13538.75 0.0036316389485
2154951.25 16608.75 0.00445513680258
2161201.25 19678.75 0.00527863465665
2167451.25 22748.75 0.00610213251073
2173701.25 25818.75 0.00692563036481
2179951.25 28888.75 0.00774912821888
2186201.25 31958.75 0.00857262607296
2192451.25 35028.75 0.00939612392704
2198701.25 38098.75 0.0102196217811
2204951.25 41168.75 0.0110431196352
2211201.25 44238.75 0.0118666174893
2217451.25 47308.75 0.0126901153433
2223701.25 50378.75 0.0135136131974
2229951.25 53448.75 0.0143371110515
2236201.25 56518.75 0.0151606089056
2242451.25 59588.75 0.0159841067597
2248701.25 62658.75 0.0168076046137
2254951.25 65728.75 0.0176311024678
2261201.25 68798.75 0.0184546003219
2267451.25 71868.75 0.019278098176
2273701.25 74938.75 0.02010159603
2279951.25 78008.75 0.0209250938841
2286201.25 81078.75 0.0217485917382
2292451.25 84148.75 0.0225720895923
2298701.25 87218.75 0.0233955874464
2304951.25 90288.75 0.0242190853004
2311201.25 93358.75 0.0250425831545
2317451.25 96428.75 0.0258660810086
2323701.25 99498.75 0.0266895788627
2329951.25 102568.75 0.0275130767167
2336201.25 105638.75 0.0283365745708
2342451.25 108708.75 0.0291600724249
2348701.25 111778.75 0.029983570279
2354951.25 114848.75 0.030807068133
2361201.25 117918.75 0.0316305659871
2367451.25 120988.75 0.0324540638412
2373701.25 124058.75 0.0332775616953
2379951.25 127128.75 0.0341010595494
2386201.25 130198.75 0.0349245574034
2392451.25 133268.75 0.0357480552575
2398701.25 136338.75 0.0365715531116
2404951.25 139408.75 0.0373950509657
2411201.25 142478.75 0.0382185488197
2417451.25 145548.75 0.0390420466738
2423701.25 148618.75 0.0398655445279
2429951.25 151688.75 0.040689042382
2436201.25 154758.75 0.0415125402361
2442451.25 157828.75 0.0423360380901
2448701.25 160898.75 0.0431595359442
2454951.25 163968.75 0.0439830337983
2461201.25 167038.75 0.0448065316524
2467451.25 170108.75 0.0456300295064
2473701.25 173178.75 0.0464535273605
2479951.25 176248.75 0.0472770252146
2486201.25 179318.75 0.0481005230687
2492451.25 182388.75 0.0489240209227
2498701.25 185458.75 0.0497475187768
2504951.25 188528.75 0.0505710166309
2511201.25 191598.75 0.051394514485
2517451.25 194668.75 0.0522180123391
2523701.25 197738.75 0.0530415101931
2529951.25 200808.75 0.0538650080472
2536201.25 203878.75 0.0546885059013
2542451.25 206948.75 0.0555120037554
2548701.25 210018.75 0.0563355016094
2554951.25 213088.75 0.0571589994635
2561201.25 216158.75 0.0579824973176
2567451.25 219228.75 0.0588059951717
2573701.25 222298.75 0.0596294930258
2579951.25 225368.75 0.0604529908798
2586201.25 228438.75 0.0612764887339
2592451.25 231508.75 0.062099986588
2598701.25 234578.75 0.0629234844421
2604951.25 237648.75 0.0637469822961
2611201.25 240718.75 0.0645704801502
2617451.25 243788.75 0.0653939780043
2623701.25 246858.75 0.0662174758584
2629951.25 249928.75 0.0670409737124
2636201.25 252998.75 0.0678644715665
2642451.25 256068.75 0.0686879694206
2648701.25 259138.75 0.0695114672747
2654951.25 262208.75 0.0703349651288
2661201.25 265278.75 0.0711584629828
2667451.25 268348.75 0.0719819608369
2673701.25 271418.75 0.072805458691
2679951.25 274488.75 0.0736289565451
2686201.25 277558.75 0.0744524543991
2692451.25 280628.75 0.0752759522532
2698701.25 283698.75 0.0760994501073
2704951.25 286768.75 0.0769229479614
2711201.25 289838.75 0.0777464458155
2717451.25 292908.75 0.0785699436695
2723701.25 295978.75 0.0793934415236
2729951.25 299048.75 0.0802169393777
2736201.25 302118.75 0.0810404372318
2742451.25 305188.75 0.0818639350858
2748701.25 308258.75 0.0826874329399
2754951.25 311328.75 0.083510930794
2761201.25 314398.75 0.0843344286481
2767451.25 317468.75 0.0851579265021
2773701.25 320538.75 0.0859814243562
2779951.25 323608.75 0.0868049222103
2786201.25 326678.75 0.0876284200644
2792451.25 329748.75 0.0884519179185
2798701.25 332818.75 0.0892754157725
2804951.25 335888.75 0.0900989136266
2811201.25 338958.75 0.0909224114807
2817451.25 342028.75 0.0917459093348
2823701.25 345098.75 0.0925694071888
2829951.25 348168.75 0.0933929050429
2836201.25 351238.75 0.094216402897
2842451.25 354308.75 0.0950399007511
2848701.25 357378.75 0.0958633986052
2854951.25 360448.75 0.0966868964592
2861201.25 363518.75 0.0975103943133
2867451.25 366588.75 0.0983338921674
2873701.25 369658.75 0.0991573900215
2879951.25 372728.75 0.0999808878755
2886201.25 375798.75 0.10080438573
2892451.25 378868.75 0.101627883584
2898701.25 381938.75 0.102451381438
2904951.25 385008.75 0.103274879292
2911201.25 388078.75 0.104098377146
2917451.25 391148.75 0.104921875
2923701.25 394218.75 0.105745372854
2929951.25 397288.75 0.106568870708
2936201.25 400358.75 0.107392368562
2942451.25 403428.75 0.108215866416
2948701.25 406498.75 0.10903936427
2954951.25 409568.75 0.109862862124
2961201.25 412638.75 0.110686359979
2967451.25 415708.75 0.111509857833
2973701.25 418778.75 0.112333355687
2979951.25 421848.75 0.113156853541
2986201.25 424918.75 0.113980351395
2992451.25 427988.75 0.114803849249
2998701.25 431058.75 0.115627347103
3004951.25 434128.75 0.116450844957
3011201.25 437198.75 0.117274342811
3017451.25 440268.75 0.118097840665
3023701.25 443338.75 0.118921338519
3029951.25 446408.75 0.119744836373
3036201.25 449478.75 0.120568334227
3042451.25 452548.75 0.121391832082
3048701.25 455618.75 0.122215329936
3054951.25 458688.75 0.12303882779
3061201.25 461758.75 0.123862325644
3067451.25 464828.75 0.124685823498
3073701.25 467898.75 0.125509321352
3079951.25 470968.75 0.126332819206
3086201.25 474038.75 0.12715631706
3092451.25 477108.75 0.127979814914
3098701.25 480178.75 0.128803312768
3104951.25 483248.75 0.129626810622
3111201.25 486318.75 0.130450308476
3117451.25 489388.75 0.13127380633
3123701.25 492458.75 0.132097304185
3129951.25 495528.75 0.132920802039
3136201.25 498598.75 0.133744299893
3142451.25 501668.75 0.134567797747
3148701.25 504738.75 0.135391295601
3154951.25 507808.75 0.136214793455
3161201.25 510878.75 0.137038291309
3167451.25 513948.75 0.137861789163
3173701.25 517018.75 0.138685287017
3179951.25 520088.75 0.139508784871
3186201.25 523158.75 0.140332282725
3192451.25 526228.75 0.141155780579
#DATA_END

Normal adding time elapsed: 0.056417 ===========
SUM/ERROR/RERROR  3198701 529299 0.141979345494

Recursive adding time elapsed: 0.092021 ===========
SUM/ERROR/RERROR  3727999.75 0.25 6.70600858369e-08

Kahan adding time elapsed: 0.100112 ===========
SUM/ERROR/RERROR  3728000 0 0
